220 253
220 253
219 253
218 251
217 252
216 253
215 254
214 253
213 253
212 254
211 254
210 255
209 255
208 256
207 255
206 256
205 256
204 256
203 257
202 257
201 258
200 258
199 258
198 259
197 259
196 260
195 261
194 262
193 263
192 263
191 264
190 264
189 264
188 264
187 264
186 264
185 264
184 264
183 264
182 264
181 264
180 263
179 263
178 263
177 262
176 261
175 260
174 260
173 260
172 260
171 259
170 259
169 259
168 258
167 258
166 258
165 258
164 258
163 258
162 258
161 257
160 256
159 256
158 256
157 256
156 256
155 256
154 255
153 255
152 256
152 256
152 256
151 257
150 256
149 256
148 257
147 258
146 259
145 260
144 261
143 262
142 263
141 263
140 263
139 263
138 263
137 264
136 263
135 262
134 262
133 262
132 261
131 261
130 261
129 261
128 261
127 262
126 262
125 262
124 263
123 264
122 263
121 264
120 262
119 260
118 258
117 257
116 256
115 256
114 256
113 255
112 255
111 254
110 254
109 253
108 253
107 253
106 253
105 254
104 254
103 253
102 253
101 252
100 251
101 251
101 251
101 250
100 249
100 248
98 247
96 246
96 245
96 244
95 243
94 242
94 241
93 240
93 239
93 238
92 237
92 236
92 236
91 235
90 235
89 234
88 234
87 234
86 234
85 234
84 233
83 233
82 233
81 232
80 232
79 232
78 231
77 230
76 230
75 229
74 229
73 229
72 229
71 229
70 229
69 228
68 229
67 227
66 227
65 226
64 226
63 226
62 226
61 225
60 225
59 226
58 226
57 226
56 226
55 225
54 225
53 225
52 224
51 224
50 224
49 223
48 223
47 222
46 222
45 221
44 221
43 221
42 221
41 221
40 221
39 219
38 218
37 219
36 220
35 220
34 220
33 221
32 221
31 221
30 220
29 220
30 220
30 220
29 219
28 218
27 217
27 216
27 215
27 214
26 213
26 212
26 211
25 210
26 209
26 208
26 207
25 206
26 205
27 204
25 203
24 202
24 201
23 200
24 199
24 198
24 197
24 196
24 195
24 194
22 193
21 192
