21 192
22 193
24 194
24 195
24 196
24 197
24 198
24 199
23 200
24 201
24 202
25 203
27 204
26 205
25 206
26 207
26 208
26 209
25 210
26 211
26 212
26 213
27 214
27 215
27 216
27 217
28 218
29 219
30 220
30 220
29 220
30 220
31 221
32 221
33 221
34 220
35 220
36 220
37 219
38 218
39 219
40 221
41 221
42 221
43 221
44 221
45 221
46 222
47 222
48 223
49 223
50 224
51 224
52 224
53 225
54 225
55 225
56 226
57 226
58 226
59 226
60 225
61 225
62 226
63 226
64 226
65 226
66 227
67 227
68 229
69 228
70 229
71 229
72 229
73 229
74 229
75 229
76 230
77 230
78 231
79 232
80 232
81 232
82 233
83 233
84 233
85 234
86 234
87 234
88 234
89 234
90 235
91 235
92 236
92 236
92 237
93 238
93 239
93 240
94 241
94 242
95 243
96 244
96 245
96 246
98 247
100 248
100 249
101 250
101 251
101 251
100 251
101 252
102 253
103 253
104 254
105 254
106 253
107 253
108 253
109 253
110 254
111 254
112 255
113 255
114 256
115 256
116 256
117 257
118 258
119 260
120 262
121 264
122 263
123 264
124 263
125 262
126 262
127 262
128 261
129 261
130 261
131 261
132 261
133 262
134 262
135 262
136 263
137 264
138 263
139 263
140 263
141 263
142 263
143 262
144 261
145 260
146 259
147 258
148 257
149 256
150 256
151 257
152 256
152 256
152 256
153 255
154 255
155 256
156 256
157 256
158 256
159 256
160 256
161 257
162 258
163 258
164 258
165 258
166 258
167 258
168 258
169 259
170 259
171 259
172 260
173 260
174 260
175 260
176 261
177 262
178 263
179 263
180 263
181 264
182 264
183 264
184 264
185 264
186 264
187 264
188 264
189 264
190 264
191 264
192 263
193 263
194 262
195 261
196 260
197 259
198 259
199 258
200 258
201 258
202 257
203 257
204 256
205 256
206 256
207 255
208 256
209 255
210 255
211 254
212 254
213 253
214 253
215 254
216 253
217 252
218 251
219 253
220 253
220 253
